[gd_scene load_steps=6 format=3 uid="uid://bhtsqyybq88b8"]

[ext_resource type="Script" path="res://fight_scenes/trocar_cena.gd" id="1_7w1x6"]
[ext_resource type="MeshLibrary" uid="uid://djwxjm6unu564" path="res://mesh_tilemap/chao_medieval_mesh.tres" id="1_xuxhf"]
[ext_resource type="PackedScene" uid="uid://cukphbe2kspel" path="res://characters/knight/knight.tscn" id="2_jyl4o"]
[ext_resource type="PackedScene" uid="uid://dwrijrmwc8dl1" path="res://characters/goblin_boss/basic_hud_goblin_boss.tscn" id="3_3rrld"]
[ext_resource type="PackedScene" uid="uid://byemuuyfe0khg" path="res://characters/goblin_boss/goblin_boss.tscn" id="5_d7p7x"]

[node name="Node3D" type="Node3D" groups=["world"]]
script = ExtResource("1_7w1x6")

[node name="GridMap" type="GridMap" parent="."]
mesh_library = ExtResource("1_xuxhf")
cell_size = Vector3(1, 1, 1)
cell_center_x = false
cell_center_y = false
cell_center_z = false
data = {
"cells": PackedInt32Array(65535, 2, 3, 65532, 2, 3, 65532, 65535, 3, 65535, 65535, 3, 2, 65535, 3, 2, 2, 3, 2, 65532, 3, 65535, 65532, 3, 65532, 65532, 3, 65529, 65532, 3, 65529, 65535, 3, 65529, 2, 3, 65529, 5, 3, 65532, 5, 3, 65535, 5, 3, 2, 5, 3)
}

[node name="Knight" parent="." instance=ExtResource("2_jyl4o")]
transform = Transform3D(-0.965926, 0, 0.258819, 0, 1, 0, -0.258819, 0, -0.965926, -1.42976, 0.285, 0.780134)

[node name="InitialHUD" parent="Knight" instance=ExtResource("3_3rrld")]

[node name="Camera3D" type="Camera3D" parent="."]
transform = Transform3D(0.974047, -0.0667169, 0.216289, 0, 0.955572, 0.294757, -0.226345, -0.287107, 0.930772, -0.16422, 2.51083, 2.89987)

[node name="DirectionalLight3D" type="DirectionalLight3D" parent="."]
light_energy = 2.293

[node name="Skeleton" parent="." instance=ExtResource("5_d7p7x")]
transform = Transform3D(0.916405, 0, -0.400253, 0, 1, 0, 0.400253, 0, 0.916405, -0.236941, 0.256306, -1.2692)
